101
29274
5505
20979
13192
24464
27035
26957
24923
16432
5016
8392
13786
14356
23857
21011
26208
19395
29966
8618
21409
30435
13453
11085
30947
732
732
24614
27161
13391
13625
20175
10524
5386
18867
11764
1556
13490
10741
8587
23889
4024
560
12239
32087
32273
3853
15347
22642
23433
10556
11414
26397
24152
775
19458
14124
27394
26899
29334
27133
8717
6137
25357
1931
21652
19565
14166
7856
17066
15233
7092
29272
821
17017
18985
25381
5293
3863
19663
16139
3358
12420
22769
15343
23060
29591
17365
27005
20126
1913
17982
20402
27731
15900
24261
23882
25208
25718
10349
11801
4903
